grid_size = 10
num_trials = 5000
time_depth = 8
num_pairs = 50
perc_range = (0.0, 0.05, 1.0)
asynchronus_weight = 100
bandwidth_ratios = Any[1.007833333333333, 0.9836866666666665, 0.99725, 1.0133633333333327, 1.024373333333333, 1.036746666666666, 1.0484399999999994, 1.0562899999999995, 1.0622199999999993, 1.073226666666666, 1.0732799999999996, 1.0800499999999993, 1.0804466666666663, 1.0852199999999996, 1.0895433333333326, 1.0933099999999996, 1.0896333333333326, 1.0930066666666665, 1.0956199999999998, 1.0971099999999996, 1.1010099999999998]
bandwidth_error = Any[0.002326079830069855, 0.002265407711453345, 0.00228766562014483, 0.00232992606524113, 0.0022954462138738063, 0.002301480081531711, 0.0022876153789698184, 0.00228563848738573, 0.002264436811529817, 0.0022576016290543582, 0.002250291407749945, 0.0022489627703042797, 0.0022316692391921907, 0.0021785692900088316, 0.002180728802467135, 0.0022086722734458784, 0.0022092916847297455, 0.0021698519138259585, 0.0021927754128162847, 0.002149384822461914, 0.002183209186102885]
