grid_size = 10
num_trials = 10
time_depth = 50
num_pairs = 50
perc_range = (0.0, 0.1, 1.0)
asynchronus_weight = 100
bandwidth_ratios = Any[0.9, 1.01, 0.97, 0.9400000000000001, 1.1, 1.06, 1.065, 1.15, 1.075, 1.125, 1.075]
bandwidth_error = Any[0.03513641844631532, 0.050184843513938725, 0.058373002384727535, 0.03220305943597652, 0.043033148291193514, 0.06024640760767092, 0.06941110310726879, 0.043033148291193514, 0.04025382429497066, 0.04392052305789416, 0.04025382429497066]
