grid_size = 10
num_trials = 100
time_depth = 50
max_pairs = 50
asynchronus_weight = 100
bandwidth_ratios = Any[1.13, 1.0283333333333333, 1.0983333333333334, 1.175, 1.356666666666667, 1.310833333333333, 1.4499999999999997, 1.491666666666667, 1.5416666666666674, 1.5983333333333336, 1.71, 1.6583333333333323, 1.7691666666666663, 1.8799999999999992, 1.9233333333333338, 1.985, 2.1191666666666666, 2.150000000000001, 2.1425, 2.384166666666667, 2.384333333333333, 2.3633333333333333, 2.418333333333333, 2.5273333333333325, 2.4859999999999993, 2.625, 2.665333333333333, 2.6128333333333336, 2.6346666666666665, 2.716333333333333, 2.7498333333333336, 2.920833333333334, 2.8416666666666663, 2.9913333333333334, 2.973333333333333, 3.030666666666667, 3.0496666666666665, 3.243333333333333, 3.1275000000000013, 3.2159999999999993, 3.2333333333333325, 3.3060000000000014, 3.2435, 3.4465000000000017, 3.354000000000001, 3.3971666666666676, 3.4691666666666676, 3.5201666666666664, 3.553833333333334, 3.632999999999999]
bandwidth_error = Any[0.05181138829588751, 0.029261467682151994, 0.021440040032091212, 0.028607147252468716, 0.033418250506988205, 0.0351697765625829, 0.03707527869620411, 0.03943672314856052, 0.04162200442786572, 0.0393266137401385, 0.04544643898283528, 0.041859652387731844, 0.042918645936589984, 0.03861646091397574, 0.043129854334692685, 0.04643200190291118, 0.04601621738794143, 0.04648720966829654, 0.04784366949046664, 0.05110328910570804, 0.054029557215130725, 0.0486400900402575, 0.05075666838951995, 0.049908667391286576, 0.04468656628469922, 0.044596909693433, 0.05600100976800021, 0.046038680247195554, 0.045574526772150965, 0.04706040985040648, 0.04385287287649774, 0.05310874162622313, 0.05122965053730177, 0.05771955186566855, 0.0511330207716991, 0.05824220974106321, 0.06329965434486645, 0.06401735131929813, 0.053288280102576274, 0.05532854343362725, 0.06712169981556385, 0.05773822745923093, 0.06797674401079465, 0.07505295020434778, 0.06494875312232902, 0.06259505349947393, 0.07368791870442648, 0.0620535591939805, 0.05751313614639551, 0.071727437971509]
